x = [-3.141590e+00, -3.135307e+00, -3.129024e+00, -3.122740e+00, -3.116457e+00, -3.110174e+00, -3.103891e+00, -3.097608e+00, -3.091325e+00, -3.085041e+00, -3.078758e+00, -3.072475e+00, -3.066192e+00, -3.059909e+00, -3.053625e+00, -3.047342e+00, -3.041059e+00, -3.034776e+00, -3.028493e+00, -3.022210e+00, -3.015926e+00, -3.009643e+00, -3.003360e+00, -2.997077e+00, -2.990794e+00, -2.984510e+00, -2.978227e+00, -2.971944e+00, -2.965661e+00, -2.959378e+00, -2.953095e+00, -2.946811e+00, -2.940528e+00, -2.934245e+00, -2.927962e+00, -2.921679e+00, -2.915396e+00, -2.909112e+00, -2.902829e+00, -2.896546e+00, -2.890263e+00, -2.883980e+00, -2.877696e+00, -2.871413e+00, -2.865130e+00, -2.858847e+00, -2.852564e+00, -2.846281e+00, -2.839997e+00, -2.833714e+00, -2.827431e+00, -2.821148e+00, -2.814865e+00, -2.808581e+00, -2.802298e+00, -2.796015e+00, -2.789732e+00, -2.783449e+00, -2.777166e+00, -2.770882e+00, -2.764599e+00, -2.758316e+00, -2.752033e+00, -2.745750e+00, -2.739466e+00, -2.733183e+00, -2.726900e+00, -2.720617e+00, -2.714334e+00, -2.708051e+00, -2.701767e+00, -2.695484e+00, -2.689201e+00, -2.682918e+00, -2.676635e+00, -2.670351e+00, -2.664068e+00, -2.657785e+00, -2.651502e+00, -2.645219e+00, -2.638936e+00, -2.632652e+00, -2.626369e+00, -2.620086e+00, -2.613803e+00, -2.607520e+00, -2.601237e+00, -2.594953e+00, -2.588670e+00, -2.582387e+00, -2.576104e+00, -2.569821e+00, -2.563537e+00, -2.557254e+00, -2.550971e+00, -2.544688e+00, -2.538405e+00, -2.532122e+00, -2.525838e+00, -2.519555e+00, -2.513272e+00, -2.506989e+00, -2.500706e+00, -2.494422e+00, -2.488139e+00, -2.481856e+00, -2.475573e+00, -2.469290e+00, -2.463007e+00, -2.456723e+00, -2.450440e+00, -2.444157e+00, -2.437874e+00, -2.431591e+00, -2.425307e+00, -2.419024e+00, -2.412741e+00, -2.406458e+00, -2.400175e+00, -2.393892e+00, -2.387608e+00, -2.381325e+00, -2.375042e+00, -2.368759e+00, -2.362476e+00, -2.356192e+00, -2.349909e+00, -2.343626e+00, -2.337343e+00, -2.331060e+00, -2.324777e+00, -2.318493e+00, -2.312210e+00, -2.305927e+00, -2.299644e+00, -2.293361e+00, -2.287078e+00, -2.280794e+00, -2.274511e+00, -2.268228e+00, -2.261945e+00, -2.255662e+00, -2.249378e+00, -2.243095e+00, -2.236812e+00, -2.230529e+00, -2.224246e+00, -2.217963e+00, -2.211679e+00, -2.205396e+00, -2.199113e+00, -2.192830e+00, -2.186547e+00, -2.180263e+00, -2.173980e+00, -2.167697e+00, -2.161414e+00, -2.155131e+00, -2.148848e+00, -2.142564e+00, -2.136281e+00, -2.129998e+00, -2.123715e+00, -2.117432e+00, -2.111148e+00, -2.104865e+00, -2.098582e+00, -2.092299e+00, -2.086016e+00, -2.079733e+00, -2.073449e+00, -2.067166e+00, -2.060883e+00, -2.054600e+00, -2.048317e+00, -2.042033e+00, -2.035750e+00, -2.029467e+00, -2.023184e+00, -2.016901e+00, -2.010618e+00, -2.004334e+00, -1.998051e+00, -1.991768e+00, -1.985485e+00, -1.979202e+00, -1.972919e+00, -1.966635e+00, -1.960352e+00, -1.954069e+00, -1.947786e+00, -1.941503e+00, -1.935219e+00, -1.928936e+00, -1.922653e+00, -1.916370e+00, -1.910087e+00, -1.903804e+00, -1.897520e+00, -1.891237e+00, -1.884954e+00, -1.878671e+00, -1.872388e+00, -1.866104e+00, -1.859821e+00, -1.853538e+00, -1.847255e+00, -1.840972e+00, -1.834689e+00, -1.828405e+00, -1.822122e+00, -1.815839e+00, -1.809556e+00, -1.803273e+00, -1.796989e+00, -1.790706e+00, -1.784423e+00, -1.778140e+00, -1.771857e+00, -1.765574e+00, -1.759290e+00, -1.753007e+00, -1.746724e+00, -1.740441e+00, -1.734158e+00, -1.727874e+00, -1.721591e+00, -1.715308e+00, -1.709025e+00, -1.702742e+00, -1.696459e+00, -1.690175e+00, -1.683892e+00, -1.677609e+00, -1.671326e+00, -1.665043e+00, -1.658760e+00, -1.652476e+00, -1.646193e+00, -1.639910e+00, -1.633627e+00, -1.627344e+00, -1.621060e+00, -1.614777e+00, -1.608494e+00, -1.602211e+00, -1.595928e+00, -1.589645e+00, -1.583361e+00, -1.577078e+00, -1.570795e+00, -1.564512e+00, -1.558229e+00, -1.551945e+00, -1.545662e+00, -1.539379e+00, -1.533096e+00, -1.526813e+00, -1.520530e+00, -1.514246e+00, -1.507963e+00, -1.501680e+00, -1.495397e+00, -1.489114e+00, -1.482830e+00, -1.476547e+00, -1.470264e+00, -1.463981e+00, -1.457698e+00, -1.451415e+00, -1.445131e+00, -1.438848e+00, -1.432565e+00, -1.426282e+00, -1.419999e+00, -1.413715e+00, -1.407432e+00, -1.401149e+00, -1.394866e+00, -1.388583e+00, -1.382300e+00, -1.376016e+00, -1.369733e+00, -1.363450e+00, -1.357167e+00, -1.350884e+00, -1.344601e+00, -1.338317e+00, -1.332034e+00, -1.325751e+00, -1.319468e+00, -1.313185e+00, -1.306901e+00, -1.300618e+00, -1.294335e+00, -1.288052e+00, -1.281769e+00, -1.275486e+00, -1.269202e+00, -1.262919e+00, -1.256636e+00, -1.250353e+00, -1.244070e+00, -1.237786e+00, -1.231503e+00, -1.225220e+00, -1.218937e+00, -1.212654e+00, -1.206371e+00, -1.200087e+00, -1.193804e+00, -1.187521e+00, -1.181238e+00, -1.174955e+00, -1.168671e+00, -1.162388e+00, -1.156105e+00, -1.149822e+00, -1.143539e+00, -1.137256e+00, -1.130972e+00, -1.124689e+00, -1.118406e+00, -1.112123e+00, -1.105840e+00, -1.099556e+00, -1.093273e+00, -1.086990e+00, -1.080707e+00, -1.074424e+00, -1.068141e+00, -1.061857e+00, -1.055574e+00, -1.049291e+00, -1.043008e+00, -1.036725e+00, -1.030442e+00, -1.024158e+00, -1.017875e+00, -1.011592e+00, -1.005309e+00, -9.990256e-01, -9.927424e-01, -9.864593e-01, -9.801761e-01, -9.738929e-01, -9.676097e-01, -9.613265e-01, -9.550434e-01, -9.487602e-01, -9.424770e-01, -9.361938e-01, -9.299106e-01, -9.236275e-01, -9.173443e-01, -9.110611e-01, -9.047779e-01, -8.984947e-01, -8.922116e-01, -8.859284e-01, -8.796452e-01, -8.733620e-01, -8.670788e-01, -8.607957e-01, -8.545125e-01, -8.482293e-01, -8.419461e-01, -8.356629e-01, -8.293798e-01, -8.230966e-01, -8.168134e-01, -8.105302e-01, -8.042470e-01, -7.979639e-01, -7.916807e-01, -7.853975e-01, -7.791143e-01, -7.728311e-01, -7.665480e-01, -7.602648e-01, -7.539816e-01, -7.476984e-01, -7.414152e-01, -7.351321e-01, -7.288489e-01, -7.225657e-01, -7.162825e-01, -7.099993e-01, -7.037162e-01, -6.974330e-01, -6.911498e-01, -6.848666e-01, -6.785834e-01, -6.723003e-01, -6.660171e-01, -6.597339e-01, -6.534507e-01, -6.471675e-01, -6.408844e-01, -6.346012e-01, -6.283180e-01, -6.220348e-01, -6.157516e-01, -6.094685e-01, -6.031853e-01, -5.969021e-01, -5.906189e-01, -5.843357e-01, -5.780526e-01, -5.717694e-01, -5.654862e-01, -5.592030e-01, -5.529198e-01, -5.466367e-01, -5.403535e-01, -5.340703e-01, -5.277871e-01, -5.215039e-01, -5.152208e-01, -5.089376e-01, -5.026544e-01, -4.963712e-01, -4.900880e-01, -4.838049e-01, -4.775217e-01, -4.712385e-01, -4.649553e-01, -4.586721e-01, -4.523890e-01, -4.461058e-01, -4.398226e-01, -4.335394e-01, -4.272562e-01, -4.209731e-01, -4.146899e-01, -4.084067e-01, -4.021235e-01, -3.958403e-01, -3.895572e-01, -3.832740e-01, -3.769908e-01, -3.707076e-01, -3.644244e-01, -3.581413e-01, -3.518581e-01, -3.455749e-01, -3.392917e-01, -3.330085e-01, -3.267254e-01, -3.204422e-01, -3.141590e-01, -3.078758e-01, -3.015926e-01, -2.953095e-01, -2.890263e-01, -2.827431e-01, -2.764599e-01, -2.701767e-01, -2.638936e-01, -2.576104e-01, -2.513272e-01, -2.450440e-01, -2.387608e-01, -2.324777e-01, -2.261945e-01, -2.199113e-01, -2.136281e-01, -2.073449e-01, -2.010618e-01, -1.947786e-01, -1.884954e-01, -1.822122e-01, -1.759290e-01, -1.696459e-01, -1.633627e-01, -1.570795e-01, -1.507963e-01, -1.445131e-01, -1.382300e-01, -1.319468e-01, -1.256636e-01, -1.193804e-01, -1.130972e-01, -1.068141e-01, -1.005309e-01, -9.424770e-02, -8.796452e-02, -8.168134e-02, -7.539816e-02, -6.911498e-02, -6.283180e-02, -5.654862e-02, -5.026544e-02, -4.398226e-02, -3.769908e-02, -3.141590e-02, -2.513272e-02, -1.884954e-02, -1.256636e-02, -6.283180e-03, 2.309437e-14, 6.283180e-03, 1.256636e-02, 1.884954e-02, 2.513272e-02, 3.141590e-02, 3.769908e-02, 4.398226e-02, 5.026544e-02, 5.654862e-02, 6.283180e-02, 6.911498e-02, 7.539816e-02, 8.168134e-02, 8.796452e-02, 9.424770e-02, 1.005309e-01, 1.068141e-01, 1.130972e-01, 1.193804e-01, 1.256636e-01, 1.319468e-01, 1.382300e-01, 1.445131e-01, 1.507963e-01, 1.570795e-01, 1.633627e-01, 1.696459e-01, 1.759290e-01, 1.822122e-01, 1.884954e-01, 1.947786e-01, 2.010618e-01, 2.073449e-01, 2.136281e-01, 